7950
4709
3054
5278
7209
2076
8901
5096
332
6177
3546
9676
4826
3041
7031
563
5169
4285
239
5935
7312
5424
8590
43
18
5789
2331
7121
9763
3214
2211
9453
1692
5879
2140
3028
389
8335
7899
6885
7868
1670
5172
287
6033
2794
8608
4080
2353
9454
9142
8442
5984
3506
3861
9336
7019
4090
4396
6368
3982
3699
9137
2690
176
7276
3689
8464
4824
8316
9467
5540
1452
4769
8727
3677
4168
1249
1677
4218
2196
9054
71
6538
6007
1119
2034
7106
7210
2798
7033
8889
319
5334
386
7348
4079
2225
8606
2065
1354
4590
8373
1842
4266
9876
4177
4746
2456
5300
6744
872
1292
8637
1328
1881
9001
4567
5178
875
2216
1915
9445
9810
9681
7048
1997
7759
9585
1264
5377
1569
8887
4588
718
4837
3129
7184
256
88
731
723
2387
4234
5862
3843
7773
1544
8054
6702
5102
8384
2683
3800
6925
5704
7267
2088
3772
8072
228
5371
3590
1816
3149
3075
6301
4011
7156
1256
2030
303
7350
5740
5017
2234
9205
8182
4169
923
402
8012
446
3106
3722
1804
7659
3719
1571
4822
9119
5210
4841
4563
8542
7771
6764
6594
8051
4267
2563
2775
9882
9654
9319
9393
5272
7294
9192
8381
4342
5250
4913
7439
8664
5924
9340
5569
1463
5394
7080
70
2783
8057
6037
6860
8482
8502
9034
5745
9234
3387
6109
5986
4580
5765
275
5159
5245
274
7413
4603
4100
9115
5621
7850
7962
3949
7720
585
4593
365
2350
1057
9312
2905
9925
3637
5226
7630
1135
1627
126
658
7384
7799
1608
5033
7324
3673
2494
7006
2739
9260
9180
2451
960
6287
9474
9896
1143
2580
8621
3273
5255
3198
7070
6024
3099
6228
9703
2203
6576
4491
1872
4247
250
7795
7484
2026
1167
2757
2637
5032
7494
9660
3858
2504
4623
3758
3006
3406
5500
5725
957
3435
7415
1532
3238
3216
3683
642
7480
1756
2095
5459
6615
569
6326
3093
2486
6596
7907
8960
1502
820
4871
8020
7573
3794
9466
8687
5955
4082
6242
8883
4385
8227
5939
6312
3738
6774
290
4637
1860
9958
5451
7002
273
5360
3630
9688
8660
9000
7645
4600
2213
8347
2170
2664
4551
6969
1687
4035
4598
6883
8933
4320
1443
2310
8191
8758
1613
3679
3811
8033
4861
8774
3026
3870
7129
6824
1503
2162
4736
3235
4260
926
5727
1719
1204
7566
5762
8202
8963
4462
8254
6483
1583
4399
6169
576
227
4081
1899
451
8246
6384
1118
1836
9659
3500
9653
4274
9548
9389
4302
2818
2879
3931
1504
7830
2674
615
8773
5985
8892
253
1922
8165
6181
4255
6521
8967
7981
982
4725
6745
5723
8263
8416
113
736
1978
8230
1251
6866
8748
4972
5106
101
2843
7787
598
8752
5039
1309
2797
8979
5030
508
432
1317
67
40
1947
4328
4865
236
1506
1530
3473
5035
7836
6417
3189
6360
5307
7026
2302
348
9988
3497
515
262
9002
7182
3576
8533
316
4638
1895
8111
7939
376
4096
7265
2167
6766
2805
9173
552
6210
6644
7699
8832
2126
7958
4664
2349
9512
3663
6730
1022
1018
4469
2215
9431
8734
9791
1656
3330
4610
8366
4401
5078
5273
3865
9032
1813
6018
9610
8379
8766
4020
3398
452
694
6778
9603
8201
1320
5553
3863
1142
9207
5437
5184
2961
5222
7300
6260
3954
9084
2417
5000
3741
5372
6657
2748
7844
4014
6889
6754
1786
5911
1462
1335
5485
9344
7085
1035
5209
6697
8811
6813
6808
9138
2309
8921
5798
3408
7805
4110
9774
4167
2518
1056
792
337
5504
5087
2953
4056
5495
6789
3678
6910
9399
4776
2605
5948
8755
3622
5520
6132
6998
9644
3731
5294
9569
6380
183
1541
6842
9485
6394
6164
3448
9985
345
8688
160
6366
7552
1493
4015
8513
8019
153
7650
1391
3178
7956
9730
9504
9162
7491
6724
9103
2001
9304
2253
7508
4977
6713
9672
8603
5354
501
6917
8208
9858
2691
2258
6997
2974
1830
9790
4703
8659
5533
1011
4443
7279
128
5660
6276
4740
1243
2630
5246
7856
7592
9411
2471
4333
8008
5953
4944
1069
5869
4926
9371
8589
5217
2130
9578
6698
4144
4434
7865
6660
6405
4735
7828
8426
5084
2815
8627
8656
5077
1778
4721
7465
4432
9070
2199
154
5620
3082
7018
2842
6049
1894
8159
3903
177
4009
2779
2003
6009
2806
1588
6320
7109
7274
6171
8636
3236
5579
1921
8266
5809
6650
9434
7902
1360
2064
4727
3482
4575
4408
1193
74
3647
5052
9056
3793
1120
3503
9888
704
1986
193
2914
1774
6735
8465
4213
2999
5296
1928
766
9739
1728
9233
1629
7649
7406
2441
6547
4544
333
4154
4042
5988
7932
8267
688
8638
2727
133
7151
1983
1500
9326
3892
1420
7959
8549
7774
35
3524
3785
8441
7526
3877
497
5060
1187
9422
2442
9126
3872
8557
9968
279
5144
7750
7288
3261
4163
4389
8790
5457
9755
5301
8841
7936
2342
3566
9816
2303
2245
2716
3193
737
7500
2576
6144
7625
7888
2876
2197
6649
3567
3471
9273
5827
4279
3411
7213
8739
5133
6408
4376
6722
5275
309
6160
85
6827
2575
5489
313
8685
7368
8204
7993
2658
537
4974
9064
2785
2094
7963
5872
9820
6348
9262
9224
5804
2990
2918
6477
557
3226
7177
3752
2584
4063
9804
1497
4937
2984
66
4978
3378
9385
8127
3024
3218
8169
1883
4354
267
1967
5259
3836
7768
3102
6122
1066
5600
1093
4166
7160
6955
9020
1353
6964
6862
5609
181
9551
6928
8388
7198
6463
3450
1226
503
6352
56
4747
1444
522
8493
7980
816
4313
7138
7110
7543
6597
4409
8550
5602
3591
6323
5785
8453
4966
2916
6991
3332
8168
5949
7912
588
3871
4714
9178
4175
2275
5448
5249
4891
2496
2904
3357
1125
393
6468
9282
762
9777
2415
8843
4660
1923
9172
2261
2682
7314
5337
3466
666
9986
547
2410
8025
9543
608
6068
2074
1465
3555
2485
3542
9013
7646
7233
341
4918
5920
3860
5062
3362
2287
8320
9479
7781
995
5012
7486
7967
4114
428
3230
9685
1404
2243
9105
7366
6606
6878
4628
9265
2799
6496
8617
5381
1768
9794
7540
7016
6199
3898
1795
4666
4143
9357
4440
6806
6201
920
6245
6425
1258
420
4771
7131
8536
4156
8166
8328
2093
6648
9949
9517
9500
4246
7159
3611
1514
891
4231
8176
4103
1992
603
9878
4225
8818
3973
6515
8262
882
7739
9646
1657
7295
9919
1620
6334
746
9029
4950
2365
9897
4209
7852
7729
106
670
1669
5715
1201
8215
371
6769
4083
8966
8923
795
3560
4222
7200
3667
618
1697
7147
4889
7954
9136
9855
7394
3256
3986
4170
7133
717
2336
3770
3707
919
7023
7601
5126
7548
750
7611
4737
9039
7000
3113
5139
8701
2455
2638
6147
1207
4444
6612
3485
939
7602
5351
3076
6251
1213
6856
3775
8140
8593
5378
1897
7132
9742
6858
5667
6116
9279
5346
894
8849
3271
4052
1781
306
2741
543
6541
3233
4115
8517
4358
4715
5462
2450
3895
5276
1526
2279
1538
6941
2338
7715
9419
1898
4791
8931
3967
3706
9309
2597
1428
7822
3771
1621
7292
4940
980
9797
8277
2280
3030
4667
6652
2145
8434
1999
5737
6756
1297
7585
7036
2097
5829
3188
2939
3502
7388
3495
6954
6747
4145
7599
1943
2755
6329
4275
2520
9007
8699
769
7466
8708
7684
7872
7747
6269
9363
4303
6791
8504
4917
2297
9765
1840
6642
2319
1906
716
8762
1971
2546
7049
5902
2116
6178
9092
6238
9167
2262
8016
4855
8693
5803
1038
7732
3407
8001
8154
4379
9601
8440
4867
6149
5352
4459
6818
8928
8895
6150
8220
6836
1289
6464
6911
5970
5480
5826
7201
2200
6543
7549
7706
4286
6335
6412
605
8649
7794
5308
4456
5871
9745
3134
9598
2427
1987
6253
8284
2027
3999
9311
4662
2751
6918
7520
2981
6636
3696
3423
6270
3295
5336
5355
1535
2719
5279
2746
9253
6903
4013
9075
4799
1042
7347
7363
807
3364
7188
3565
1823
7724
2011
5043
5420
7524
2123
8572
8740
2098
7285
2454
5703
3513
8585
8404
2568
510
4050
4899
8667
8076
6676
6793
49
9637
3810
3417
6599
3527
1291
9401
4957
2498
3204
711
1831
5942
1684
9117
3633
729
5006
4297
2685
6952
6947
5653
7482
5501
3783
7478
1324
3444
1783
7020
9298
6782
7615
9725
6413
9507
5453
8828
5933
6839
5736
2845
4205
1604
1348
44
1661
5431
8906
3317
2469
69
5680
6174
7206
3517
9124
546
2476
9441
1453
4214
5586
2421
209
4844
3180
5469
1835
1454
5353
3512
4533
8333
7173
7425
8446
2680
6950
5019
2408
9779
7237
2431
7877
1429
3160
2856
9026
5280
403
4663
3291
6083
6040
3109
5712
2549
1624
7575
9204
8407
6984
5067
5921
3644
8429
2386
3355
6275
4836
1253
886
354
8466
418
5627
3221
4305
7675
6733
1220
6457
6948
7008
9627
2854
6166
6494
2968
6105
8914
8139
6165
8814
5748
7116
8886
1344
4848
5770
48
9664
2054
9438
4040
873
5714
9329
1029
3352
7381
4278
6048
2522
1866
5155
6522
4232
976
2067
7171
5613
9726
5024
4371
6230
4914
5861
1189
1100
528
2488
8743
8037
8878
6877
2306
7035
6076
122
342
5822
291
1673
4041
4207
8570
2351
6689
3976
3057
6294
1472
6289
1769
8741
943
6304
2547
5142
6641
1140
4410
8600
3735
4596
6079
6719
1479
9534
2544
7404
1993
3690
8574
9181
9028
9923
2753
6588
3626
5297
8369
2559
5003
4044
5931
3850
947
4681
5605
7620
962
4206
6249
9461
484
9217
3760
6313
924
8618
6502
6137
9499
3396
7826
5645
8809
9565
2378
5034
9473
4699
3071
5845
3922
5298
7064
3737
8402
3146
2171
7323
5906
5131
8385
1298
3100
151
6967
2668
5596
4599
9457
4407
9576
4990
4373
1793
5496
8285
2837
847
6773
5797
4920
2557
8455
3726
9834
1871
3297
1078
553
8652
9875
4016
8357
887
8675
9758
6843
9775
2966
4863
7498
1833
5156
1005
1926
6893
830
9861
9510
6004
3167
5113
9835
1896
6956
3773
3296
6523
5855
7231
1844
2389
2607
283
5963
4336
2008
295
4499
7665
1485
24
3531
3884
8187
8813
2705
4893
3910
971
9451
410
3148
4635
7220
7622
1415
7580
6327
6406
2933
7977
7179
9966
3886
6743
5111
1412
8173
2047
9821
4890
353
2138
8824
2701
6404
4192
6133
7402
1747
4119
7058
1175
843
2922
441
2264
4892
6391
9665
9285
5710
9323
5950
132
8516
42
3827
1699
3739
9661
7820
5753
9024
692
8535
2934
2756
4748
417
7782
6776
3508
7633
7488
584
5456
583
6613
179
3427
8393
1019
5202
9283
2114
6233
9581
4884
3234
2124
2372
3763
6387
2383
7400
6476
2430
8307
7515
2562
4685
297
4992
782
2807
4087
9557
7433
2423
8240
4147
8403
124
8047
9786
5137
7431
9316
38
4900
2282
6634
8026
9055
1564
2411
3890
5617
2627
749
491
4398
4851
9083
3467
5539
305
7134
2539
4301
1787
4833
742
2973
7367
4561
2228
4476
3609
5638
6945
9402
7800
3021
3946
5993
7057
6924
2185
8560
1782
3970
2770
1077
360
6232
1388
7617
3456
5965
8292
3674
9211
7742
3257
2831
8281
5179
6442
3304
6837
3461
1199
2143
1025
9367
1545
9638
4701
2987
1884
1727
3754
9917
5788
134
5883
5509
5493
9480
2583
9616
1654
9366
8775
9682
7396
304
6932
4568
4713
6783
2202
9074
3848
1548
3394
5239
2096
7719
1017
3795
2341
6050
7268
1857
3829
9041
2298
6511
3746
678
214
7619
7434
7081
4945
3616
1055
7536
3212
8456
363
4595
2923
2122
9687
2774
4189
1349
4597
4935
9061
102
544
7024
3402
7252
3714
7671
3124
8195
6332
5187
6604
8332
5603
5347
893
7303
4439
6236
9801
6439
6786
8378
8836
5145
6226
8062
406
5440
2993
3451
8940
813
5542
3299
2636
8993
8323
9873
8942
6064
7741
5775
2186
5656
3194
2293
8253
2591
5389
7812
5433
6121
2020
9547
8075
560
6258
6812
7860
4509
7337
1554
2937
9652
3443
3671
4423
521
6186
604
7513
4437
1470
9667
1139
8239
7207
7385
258
4365
4789
144
8216
6134
3190
2661
814
1646
2382
7666
7755
8297
9874
8256
7353
7920
8548
3766
7948
3072
7246
5008
2002
2117
4647
4968
1024
7107
9609
4817
255
579
6830
9663
1607
6263
4904
4165
7447
3486
1521
8730
5841
9624
9795
7637
5071
8927
213
858
1867
7568
7063
55
1745
7043
8481
6119
6129
3610
479
5342
1758
739
9580
4219
3598
6894
9190
1680
6664
9009
5758
114
7808
5048
6297
6992
6823
2269
5909
2285
4176
5001
1626
2804
7137
5343
1111
5635
1425
7951
3181
7541
6513
8131
4048
9932
5454
8458
8575
3206
1808
9321
9160
4529
1015
4043
8433
4311
9678
8436
5419
2209
4964
4640
7067
8309
1789
3688
8770
8017
9743
3259
5093
878
4605
2895
1662
57
207
1693
8825
3828
220
9427
4620
1622
1802
4201
1826
8803
2328
2594
8355
684
5588
712
8104
2402
3314
6019
663
2035
1219
1332
1659
9101
7506
8955
5700
2053
627
6931
4912
9033
8769
5664
2964
2538
8486
1012
3968
9133
8476
7114
3496
6794
9128
8041
6574
4922
9152
6709
3573
5551
990
7789
2405
6510
3924
2181
775
8917
1340
4306
8152
5221
155
848
9529
9714
3420
1939
3943
590
3634
7979
846
7
5685
3254
5269
9281
6293
5021
5559
880
6720
7605
3345
9106
1585
6974
2179
3511
8798
6907
572
3008
7409
1067
991
4525
1053
3925
6591
7438
2107
4055
6215
1547
6994
4343
9570
7322
5555
5341
6077
868
8348
3596
3803
4901
1054
1402
7987
5080
1807
7118
1434
414
7861
4051
9284
8110
5288
384
2791
1803
8847
5313
4778
6624
4453
3876
148
2357
1639
8815
8833
326
2853
2516
4816
7635
2554
3313
2276
1127
2720
9928
9102
8785
8360
2784
3338
7678
8300
9271
797
4898
8269
8382
653
4649
8120
1395
3515
4792
167
3440
4707
16
3063
8067
7123
9704
1870
8961
6102
3904
7840
8034
1272
8415
620
4643
3315
8947
4493
4812
6752
8093
2420
244
3950
1907
6096
574
5867
450
2721
8264
6167
1355
7766
9673
5326
724
7241
1965
6328
2888
8288
3602
1981
2857
6609
8952
810
6838
7749
4821
898
4710
31
1218
1423
5028
864
5002
5055
8036
6130
752
8939
7764
5819
1888
6237
5611
2237
4390
7743
1390
1586
4645
950
9272
9634
5805
8128
1467
8372
5319
4351
4560
1806
8100
602
5903
2778
8591
953
9240
3744
1455
9522
4269
9828
5316
7255
7377
7411
1000
9950
1116
4723
4236
2859
3703
5478
9575
6686
5896
7410
2190
938
8315
6516
1589
2172
1459
4199
2099
7695
8731
9998
437
1408
3927
498
802
4857
1683
3084
5299
6632
1746
7991
8151
4064
3151
8132
9695
449
5749
5647
8518
9342
7079
2016
63
5918
4094
983
2259
2204
6758
6005
359
7882
4084
5956
632
845
9602
2893
3131
2324
8395
6142
8160
1933
7004
4869
6459
3384
8620
5832
9292
6570
7333
1531
1103
2817
1577
6351
9440
1737
9772
917
7164
2863
2977
6284
4760
1162
3657
4250
3523
2120
7851
6325
975
2692
8146
5404
5386
9197
4345
4272
5411
6395
1241
7937
8991
8174
689
7657
6530
3685
6721
5562
4061
5898
3359
5633
1850
4514
6895
582
8844
4182
5215
3840
2004
6681
6398
6342
817
3192
8888
3618
5415
6497
9636
6259
8650
9747
3171
793
6155
477
804
5610
7003
1164
7608
9353
246
948
8702
659
271
2702
9525
2762
2182
5434
5604
4025
3459
7632
4078
907
7518
7445
5054
5425
5227
6810
4450
6687
6512
7304
3323
2578
9307
2626
1389
1325
1861
4481
7760
961
9629
3379
3730
4181
7392
1652
2841
1901
520
5108
9004
6089
5311
4098
6195
6372
7731
3208
1255
1946
4406
7458
9359
6622
6896
2012
2024
1517
368
4293
1059
215
986
4370
6629
8563
5065
7640
2913
4963
757
3562
4678
5214
3173
9476
7316
8551
5952
9773
5833
4347
2
6091
6507
2461
3088
19
1825
8435
7658
1170
870
9414
6217
3395
453
6484
9788
2713
212
9920
310
4779
1009
4210
2814
7942
9769
1902
6898
3470
8143
5640
5792
2086
815
5265
3733
3814
5150
6386
1392
1932
5513
5268
8602
7878
1447
9929
7545
1076
2334
3025
2079
4121
8286
9751
8021
7631
5240
6849
767
7187
612
3116
2188
859
5637
4429
4295
9711
344
4421
8930
1499
8095
3401
2483
6569
2717
7587
3905
4325
994
7095
7511
4034
7355
7551
2152
164
5117
3993
2337
4897
7012
931
6577
2214
667
6528
4062
6308
1431
5015
5497
5598
3831
9552
741
9805
9709
4689
3339
8671
7775
34
4646
8125
3293
8690
5558
1805
4798
1686
185
5528
6418
3350
8924
8338
6822
7858
4720
2767
2975
4140
4211
6654
4268
9716
1489
6356
3710
1766
2976
4310
7429
260
3014
87
9386
2871
8777
1754
735
6190
9168
1002
2013
9465
5460
7140
3418
7467
2434
9857
6460
6029
9761
5568
2175
330
8113
1891
5711
7141
771
1149
3693
6501
2499
9953
9301
9373
7655
1596
9593
5291
8066
1310
8031
9247
9112
1033
5594
4873
5395
1824
7735
2007
8406
3360
1311
9903
9595
5583
3853
7258
6016
973
3494
9812
4123
3281
681
5940
5095
1913
3412
5992
9068
5808
1090
1941
8484
8203
115
9669
7039
2301
8387
9961
6357
828
4924
8640
302
4391
9927
4507
1230
131
9554
2809
9859
6247
8053
6949
2394
4946
5066
4012
1192
8795
8247
4832
9347
7315
1565
75
7127
7232
5977
9175
3292
8737
8412
6564
4626
6993
7238
5705
2763
2292
9035
3917
4650
5717
9036
9089
8872
4770
8130
6874
5412
5261
6410
929
7777
7449
95
6172
4965
2881
1606
5045
5811
8196
1342
8055
7921
6656
6211
2855
2343
6864
5894
2723
7843
1433
7519
192
4164
4316
8043
2742
8523
7269
5122
8977
8674
1578
5492
2604
4506
3288
4686
5147
355
6139
7567
8641
9907
6573
1280
4460
9420
3608
9893
3252
8049
6602
619
5241
852
2212
5522
2300
9096
7660
2970
1145
8194
1198
2435
799
357
2965
3391
7586
601
2667
8424
4151
7469
8488
7733
5114
9346
460
7373
2256
2704
4750
5697
1886
951
9069
3441
3049
8478
3684
5293
5189
8009
5690
7561
3267
1098
7386
5895
6305
2712
9213
2654
8631
5237
6638
1330
8050
3899
6051
2057
3955
141
8605
7155
1181
3318
3327
8487
8148
5224
6060
286
1410
3264
9502
8106
3431
8806
2139
2462
9778
587
1713
4576
5046
3460
7791
837
3874
1202
394
6682
1918
4344
2635
4780
6665
3549
1738
2032
8365
9248
2142
5626
2163
3692
2706
3434
8820
6936
4866
6307
7687
169
8861
9165
454
1182
6592
6344
4936
7938
1909
9079
1300
2235
1929
7223
8158
1319
2131
4124
8568
5732
4581
3463
324
4097
5390
9845
240
3182
5225
1387
180
8902
4501
8397
2358
2377
9302
8207
8099
6390
9206
7824
9556
8524
8352
9377
4024
3310
1540
8772
3597
2019
7455
5662
3575
315
4683
8822
1179
3705
1952
8612
8117
9840
8410
3354
3985
5270
1505
4969
8735
6000
8573
9198
9300
6080
7831
812
225
9783
4739
1376
2951
6151
7290
9242
6281
1848
5780
3711
5383
5793
4339
9719
2545
6785
1944
5961
6145
6058
5417
2657
139
2529
8427
1529
9785
4831
5945
6339
339
4136
8706
4258
9683
2177
5393
8582
9865
3869
2743
2955
2118
9612
6120
5086
465
1237
2286
8115
7215
8791
4959
4811
247
6851
1322
7225
9604
6694
8985
2995
2072
1091
3122
6437
4793
3488
6488
470
9464
6554
9318
671
5188
4691
4916
1958
2943
8900
6732
8929
4976
6962
8181
7984
5517
3782
104
6845
8118
1265
2768
969
1863
4876
1293
9289
6923
3664
5573
3348
9169
2608
8522
9161
2920
4552
2009
6361
5778
3613
7452
1685
3311
8863
5655
1609
1730
9722
9305
1458
5183
8170
2252
9398
9572
8121
4989
3335
9088
6448
5324
3094
334
9535
8002
3158
1432
7472
8802
6071
3799
921
6296
5824
1269
9976
8645
8439
972
4505
3020
4697
9335
5149
8780
9807
7758
7456
3228
7096
2010
890
5266
2687
7683
2166
8164
2109
2184
7061
5503
1086
2824
1667
206
5322
9378
200
8943
3242
4949
8200
6927
335
5091
5795
5047
3654
7037
9615
3617
4366
1877
9244
5018
7204
9866
4923
9546
3815
7408
9015
3290
6781
7535
763
9883
9437
8136
5566
6355
1386
76
3342
4705
6595
4257
7331
3289
5235
6192
4183
8932
8899
3672
7784
8911
116
487
8725
6809
7778
8925
7839
8610
7277
935
850
5696
614
6047
7284
8893
4071
1590
4018
5321
5314
3058
2930
791
606
2782
97
6561
4870
9404
6055
5674
2375
400
7050
3526
3159
2208
7311
8525
3926
7917
9444
5880
6026
2676
5852
853
5991
7797
4174
8846
3988
904
597
4375
7088
3000
4783
1847
1733
9822
3952
8065
4782
4998
5175
7553
3902
4942
7108
7068
5119
7291
6021
8221
7327
6066
6067
9010
8855
9016
6817
2224
9674
8124
6046
463
2248
4281
821
4644
9590
2458
1001
3419
8854
7041
7973
840
607
6678
9450
7428
6200
157
2600
8514
9259
1288
8651
8210
6768
8368
3260
2960
4451
8450
2502
8039
7163
2631
8683
6272
5527
3437
168
5260
4622
9596
3222
6904
4253
6575
8986
6246
1972
699
616
6213
2180
8580
444
5258
9814
5312
431
3939
3114
5479
3769
7817
6433
789
3280
4571
6795
2165
7459
874
6156
7629
4692
4962
7111
701
9830
9268
7893
1543
3736
4534
346
8086
5783
9819
261
9980
6853
9848
738
8325
9943
4604
4787
7248
2346
5545
4522
6393
2878
5698
1366
5516
5428
6126
8801
3343
5267
21
8745
3061
8830
7677
9645
1821
1828
8046
5828
7718
626
6093
5051
156
1448
2305
6345
6637
464
2369
6057
2969
9050
4843
6775
3053
9911
4673
7146
4185
2832
4005
664
6524
6631
6584
3964
2060
3050
2062
892
8697
1374
9046
3548
285
82
3947
4353
8633
1177
841
2232
4670
7317
1648
2373
1315
3832
2201
205
5959
5234
9203
7174
9884
2240
4299
4510
8233
7908
4464
5397
1166
1508
9591
9736
9599
5158
9085
7092
1020
2616
8322
1668
6915
311
6273
7060
4270
278
4894
7192
5587
6556
5679
6465
2323
3424
8361
2926
9947
8155
1567
5631
5914
9196
364
110
5850
7925
7761
8341
7259
1623
5385
211
2796
4993
8071
6884
881
6646
9540
4161
7842
2530
6841
6163
1250
5141
8599
6848
2694
8090
1356
5923
7115
5514
1963
9049
4033
1222
3887
7468
201
9341
2592
6799
6221
7266
3455
2534
5364
2141
10
2480
1150
4985
1555
7424
159
8583
3728
6980
6017
9397
2272
7918
6651
3755
9993
2936
108
2802
5967
5029
5839
7681
578
6814
9838
2997
3896
2610
2000
9337
7245
4850
4658
7046
6691
8432
2251
1487
8389
1740
1008
6981
3285
4057
7197
9355
8648
1931
6191
857
6771
6621
714
1196
1715
2246
9831
5557
5884
8296
4348
3753
3632
2729
6407
2572
2514
5442
9670
37
8506
7753
2385
1282
7375
5751
9184
3405
7600
7029
33
7661
3643
5699
2570
5207
4502
9890
1619
6381
4335
7471
7124
7940
2940
2491
2466
7890
3224
6138
8376
361
478
338
1827
83
6041
4573
2161
8495
592
4712
7009
1905
856
5870
8430
1362
5446
3781
2754
9938
356
8717
2296
2340
6544
6968
838
9668
2233
12
3552
8519
171
6078
2528
6508
9352
5628
9303
9571
2426
7955
9375
6337
8724
9606
404
8829
3629
901
7298
6070
5681
3284
1363
1156
2193
3307
7905
2628
210
4586
2803
9839
5564
3185
1124
383
466
4132
2639
7349
4594
2128
6440
2392
9506
483
5398
5481
5374
6748
6140
1084
6912
8948
8349
401
8915
3998
9078
4105
1122
1364
1582
2536
7757
9990
558
7607
8362
8083
2649
6379
8006
7170
6108
6935
8792
4240
7765
9011
4929
3413
5574
8096
2887
9498
3835
3992
6420
8492
1409
1290
2665
7985
2510
8342
5264
6788
1457
6244
7726
624
9058
7853
8305
4839
6832
7752
8511
3040
4229
4896
4781
5962
4572
8356
7464
120
2952
2553
7297
676
1838
9370
1318
6461
9851
1468
5455
3005
2049
634
9246
2367
9955
1533
6559
8364
8374
1183
7278
9710
6324
1612
7461
7152
2326
1969
2869
8534
1572
5173
4547
8720
981
1975
5136
7490
4036
9870
4947
2710
5859
3838
251
647
9574
4987
3901
4558
3201
1580
3541
5289
423
2873
4953
7075
4498
2644
7172
9014
3778
5612
5659
6908
1180
2985
9176
8190
3789
5333
3721
3764
8782
8509
1158
3329
8819
1157
4047
13
1616
4698
6616
4813
4521
1039
5836
7542
3037
1962
529
7667
2356
4141
288
8103
72
7674
609
1397
1610
6619
2104
4618
4688
8666
1050
1126
2465
8161
2606
1266
8311
194
9107
6767
3035
8958
3101
4361
1731
630
4324
7014
7855
9579
4619
5672
3458
677
9210
1381
1864
5590
8451
1155
7532
9536
6447
7301
5552
4402
5161
2119
5524
3571
8010
5487
8179
2043
6241
6600
7242
2615
6504
9477
3658
4208
5167
9509
2517
1721
9379
9957
5929
9452
5251
7487
1954
5405
3155
4810
4617
4708
3938
1131
4426
3068
1666
9677
6966
2278
7562
8508
9114
3203
1416
90
5622
9740
4321
3510
7722
7862
8629
3779
3051
5649
8700
411
911
700
6480
4475
6473
8058
5976
1513
4585
2210
6708
1938
7117
6892
5193
5888
7371
1236
2726
2707
4065
3991
6185
9846
3717
5287
6031
5305
4416
3272
2127
1960
7219
9170
2050
8571
7953
7624
5380
2424
4289
8470
6905
2560
9823
4559
635
8909
3179
9189
5447
1190
1303
3248
2524
977
6567
5581
1575
5846
7336
3538
3584
937
8712
7555
3615
4251
4441
2724
1480
9299
8030
2927
9045
8765
1046
4220
3096
2735
4129
8742
294
5211
6946
753
4555
5170
6123
8520
7473
4485
7669
1522
9042
9965
3219
2708
6715
2732
6170
1407
7307
362
9345
1773
8864
3558
2058
7769
6098
2565
524
369
8561
2728
5752
4265
3694
1377
4879
1949
2472
844
1260
9904
6180
6472
9842
9886
4803
391
1537
6844
5729
7153
9306
4775
897
8779
942
1638
9700
9080
5885
8510
674
6540
8559
433
1141
5534
4008
8028
1061
9413
4888
467
3516
611
9967
1757
6926
9942
7929
4548
8157
1920
6314
5376
9619
9182
4264
5399
9295
509
2467
23
7698
4677
221
1562
9081
9613
5309
3393
6623
5702
1984
8497
8029
9127
8490
1305
3570
7841
6902
3004
3227
6780
2307
9067
3525
3430
998
4934
8754
2819
6470
3118
2874
4381
4032
836
4384
2827
469
6701
336
7727
217
8983
748
3530
8936
9356
1435
7470
5195
4814
2703
1908
514
5165
8978
8954
3253
9003
5011
1446
913
4128
7736
9222
8038
3543
8153
5449
4653
1927
5072
9129
15
6414
2858
1595
934
3349
691
4828
1405
2085
5505
8578
9518
1168
2587
4513
5580
1839
9135
8938
1679
526
1176
945
9924
7689
4794
7662
2633
1114
8894
8793
3765
9151
3475
388
7546
3
504
7818
4480
9737
9023
4178
175
2092
2761
4753
2684
9027
7854
2438
8711
8556
5358
8896
673
6303
3012
8272
8163
7514
6117
5848
1225
3229
8908
1988
6097
8211
8223
6706
8812
7442
4524
7244
5866
272
475
2250
9006
4930
2650
3283
5561
1605
7569
5247
4838
1735
1068
8234
4749
3262
5010
2164
1327
6277
8982
4088
3932
2313
589
4696
8768
1060
50
3457
485
9469
2440
4195
8588
8422
6262
7022
3231
3241
9931
4341
5401
3607
5791
4729
4023
6283
2176
9605
4758
1712
9631
823
556
5958
6034
6027
9891
9869
2944
656
4511
7149
1841
9365
8261
8713
8134
2316
7834
8661
6995
4517
5502
8398
4679
3325
4116
7157
7069
5990
9270
7302
6811
2931
1398
3984
900
1647
9566
1287
7479
5290
9368
703
9236
9405
780
2745
3875
3532
8172
5461
1924
4290
8059
8622
4880
9123
6901
7399
989
7503
4447
5593
6692
2521
3032
5219
4323
9832
2670
7189
1106
8126
9484
3027
2556
637
2059
147
6633
6983
6880
525
3043
3833
5486
7071
7997
8716
2048
5904
9174
4237
9702
6035
8786
2137
3107
2371
8074
6318
5917
9630
7814
9447
7047
2531
1559
7175
6183
4006
7326
5709
5718
8678
2787
2601
9635
8912
5104
1401
9193
3453
3298
3186
8438
9948
3301
8396
3245
2623
117
2777
2810
3948
1417
5606
2388
9489
5515
4980
6392
555
9412
1651
9418
1599
9063
8973
9780
884
7522
6435
2758
7811
2666
5409
9836
2862
3983
623
2865
849
2609
1706
1979
62
4263
7383
6466
4820
4752
1128
373
299
1451
7916
809
6455
412
2669
10000
4386
473
4026
6490
5675
2963
4191
9853
1865
2737
3336
7161
9992
4377
3587
1973
3376
3196
462
1016
8445
4330
5781
7772
796
9916
7393
7194
5858
3277
7148
877
8304
3740
3842
2890
2972
9686
1034
8642
2038
1492
3969
1509
8237
327
4435
3651
507
8653
6760
1242
3287
4415
6069
425
8250
2660
3595
6704
7533
6317
1726
2533
8137
5304
1437
5208
9708
20
9608
3279
3635
6673
9628
4895
6087
7260
6696
3258
1031
2959
4127
2474
505
123
7550
4212
4786
382
3125
7477
7372
2046
2134
5968
1247
186
4256
4230
2283
1996
7195
8529
4903
9768
755
5143
32
5413
2068
1491
8616
9802
1490
9487
8280
269
5518
6529
5838
2877
399
7896
7692
5082
5897
3225
1203
8242
2348
5132
7362
9715
4829
2404
5878
3250
9120
5026
7359
8507
1003
1710
1081
2925
6532
5488
8974
6072
2412
2800
1650
9322
5669
7693
4881
6073
5982
4378
3484
9090
8823
4089
9139
2718
2397
1953
4221
9723
6943
9392
949
6671
8959
9264
1130
8920
5467
5094
3010
2322
9587
2374
655
7806
6585
4921
9706
2989
4490
6921
770
6972
3812
1400
3687
527
7010
9267
7074
7577
111
4448
4104
7641
8870
1411
2730
1655
8149
1950
500
2820
8000
1336
6315
721
7647
1725
8879
1295
9317
8566
2599
1557
4111
732
7897
4188
5585
4060
5779
801
4757
682
8718
5632
7557
5182
2028
8723
5915
1239
1367
3605
4405
4395
9338
127
8409
3202
4819
7754
6485
3798
229
7441
9594
6489
6095
9936
3624
6728
198
3274
6734
7994
8874
429
7576
1869
8567
9501
8965
443
7713
7740
4910
2709
3561
5531
4842
1498
8198
7807
7833
8004
9459
7616
1980
6647
6888
7710
1334
3855
6422
9690
2962
1174
2573
1275
6519
1307
218
9456
4360
8877
3859
4574
6202
7126
1271
1486
7273
4613
2244
5835
6340
8564
3818
1510
109
6679
545
8178
9313
1649
5565
5731
3729
8903
4445
9586
3593
2087
559
119
9291
1716
4546
3568
8413
3388
8485
6580
3759
2144
8282
1701
4494
8657
6022
580
4028
8501
8647
5830
7054
1729
5041
1989
3210
3013
190
3997
1761
2645
9549
6176
3864
5370
6235
7423
2414
4298
6011
2899
3777
2772
6601
8553
2040
447
5109
4806
6429
3498
8626
1755
2537
4072
4700
902
4519
6872
7261
9782
6101
8784
1144
7102
1834
8949
39
1343
4438
6306
7341
1579
3962
9327
9361
5
9031
1524
3979
9146
9062
6189
6415
860
9017
5634
4283
5384
2133
3878
1403
3915
8595
5004
1169
7714
2629
4733
531
6897
3761
2136
8913
7243
1473
3528
1723
6891
4716
8443
9232
9428
9741
7654
166
8350
6750
5831
8491
2885
458
99
9230
6805
7440
6349
3371
4496
8294
2487
3120
8703
4382
9421
7849
1
3940
7685
7196
8078
4369
1718
5908
1799
2844
4702
8753
9432
5570
3819
6409
740
8781
4864
6749
6913
5563
7076
7564
6300
8489
7271
9952
3483
2289
6661
4149
1665
6321
6568
5941
2173
3152
8248
7796
6365
7236
7369
2436
6491
8252
442
7432
2015
4337
3697
5747
2659
6695
861
4049
9833
9877
7052
593
1760
3157
9364
1751
1703
6278
2304
7697
1052
7589
2005
5335
5806
7709
2983
9588
7305
2125
8835
1082
1876
3856
488
7329
5232
3001
6219
9789
4203
4380
6727
722
9483
5512
4540
6088
7509
7420
9059
6653
9505
2091
6916
2473
1049
5277
7618
1147
6032
764
3103
4093
6534
4045
2327
7873
6765
768
7609
9163
2089
8235
4394
9559
3499
6061
7264
6377
9369
8040
2221
4860
8226
7097
5693
954
4122
985
6319
599
9542
5572
4954
8840
7308
5943
5786
6331
8937
8945
2620
6039
9257
1625
7162
1843
3276
1990
7354
1413
7101
3652
1603
8425
4186
2428
9227
5031
8371
9349
6400
9360
2399
9286
3897
7537
5063
9718
1371
7193
9933
3604
3923
421
6187
4919
9275
5816
4858
5768
8853
5076
7610
1047
5544
2081
3581
7703
9109
7293
3509
8405
9879
5648
3086
5616
9082
6023
7454
7688
3606
4731
4463
936
8980
709
3666
9827
5257
2769
5491
8838
2897
6421
9561
6828
4694
1088
4468
8614
232
8546
9514
9149
4958
4404
839
9468
6054
4004
1660
4092
5676
3893
1436
3140
4508
7847
730
4631
4120
6763
8698
4732
6658
9183
6784
5286
5452
8670
7894
5005
2689
4928
1102
7370
5473
7941
4719
2693
831
8108
9868
22
6790
3217
7919
6546
7025
3381
8581
4126
2740
3300
4939
2463
2589
4125
5530
2889
6128
4193
974
5118
5508
8082
3428
8228
8860
1045
7879
8056
8719
9073
1563
5320
5615
7485
1044
480
1224
2892
3642
4515
2603
1511
7594
1240
4629
6725
1919
5470
9809
2672
3648
8771
3083
5494
1566
7949
9930
8998
277
511
3935
1632
7042
1379
2446
2613
8527
9159
5359
1229
2033
9937
2277
1815
9141
9022
518
4085
397
1173
1460
430
1474
1418
9492
8184
350
4528
9390
8679
4659
4886
3625
9935
8759
3111
9969
4235
7701
3156
3619
1631
4979
1688
7320
3380
8032
7829
3046
2393
4756
6254
9486
1788
7135
9157
2194
8213
1221
6204
819
3142
2505
4106
3912
4905
7986
321
1040
6533
6688
2158
8763
6919
4224
1095
1456
2380
2452
9640
9944
8538
4276
7332
1507
5767
6194
8447
1314
5691
8554
8101
7176
7218
3145
7976
2651
1832
1394
1653
3266
6103
6562
5423
3834
5203
4070
9277
6875
5408
803
5130
2840
2238
7158
9885
2219
9350
8707
4627
380
4805
3709
4704
2569
1259
4636
1112
3724
1246
4239
3822
4417
7653
5799
4372
1445
2749
9488
8454
3953
7379
7696
2157
8018
5865
5233
7915
2980
1274
9310
6755
5507
4021
8199
5719
1873
9872
6645
2835
9065
798
1172
3115
2037
1551
6666
7166
17
3808
3044
2284
9125
4564
4615
7704
3809
3454
7093
3445
5213
7150
9749
9478
3369
9494
760
1767
2882
5198
8112
7247
6797
863
456
5922
4885
2044
5983
129
1097
3105
2433
9513
4630
1351
9091
6446
2470
8797
2108
105
8437
2971
4495
9946
9143
6075
5695
4000
3919
8971
6796
3533
6197
9037
5618
7214
6583
1384
5216
1281
7821
8070
8543
1879
8732
7656
5782
4184
8475
4076
3996
6158
1137
4196
2891
7923
7745
4244
3163
4948
9158
6703
1779
4367
7708
6505
1904
2838
6267
8255
9324
4304
4504
6684
5472
6868
1640
4131
6086
5206
2312
652
794
4616
5556
7534
3550
5964
1244
5163
6286
2274
1051
4754
2156
2021
1178
1160
8353
5665
5823
2864
7598
7788
7374
235
5482
4249
2501
1893
2191
687
3867
3888
7992
4981
343
772
7848
296
1373
7663
4808
6909
1027
8842
3614
8586
9463
2360
51
7183
138
7430
4541
301
8694
1026
2022
8733
6821
3748
203
8848
2078
8302
7883
9954
6135
9293
3825
3514
4530
7982
3704
3183
2329
2614
8596
8042
1254
8064
2640
8695
9471
5671
7419
2155
9177
6397
1862
4135
8804
8816
100
4262
6863
2425
1771
3302
3489
7073
8319
3723
903
4291
1598
2776
1892
6311
280
6639
4911
8845
53
5110
1593
800
987
4452
1527
9391
2612
5643
1422
3628
8386
6290
8069
4931
2231
5098
4427
5306
7104
3757
2695
8331
3237
5591
9583
1519
7462
4162
8964
3197
3768
1820
9760
1818
4029
4152
7606
631
8044
9334
3945
6535
9756
3098
8995
6986
1985
6982
3873
2935
5721
150
1089
170
7224
4436
1851
7387
1030
3126
5438
9913
1421
3240
3844
8665
2917
8150
3879
7748
646
3505
6364
1690
9025
7583
9541
1442
7903
2992
2872
2481
2590
1630
8192
3144
2725
1852
6243
2268
9527
8063
4334
8014
4331
979
7627
5088
4054
6216
3191
4765
2460
8022
3269
9099
6316
1602
3784
8345
8876
5295
5325
513
727
3162
5728
7357
7228
3487
8473
292
8729
9148
5263
6218
6370
4927
629
5658
7527
8810
5538
6114
9717
8988
3464
5927
7730
4066
7804
6699
3002
4804
6428
9409
8632
3373
7427
3085
4878
3209
6481
9621
4159
1797
7801
6090
2786
219
7483
4487
7254
7426
7642
4853
9354
8275
5242
7975
7521
613
5529
9997
4726
8023
3446
3981
3745
130
6402
2226
6212
5944
2655
639
9533
4584
9951
8728
5327
8343
4625
6977
8808
9229
8232
3756
6549
4383
8162
906
2567
9231
1285
8463
9225
4296
4280
4091
8796
1217
743
9449
5205
9044
4284
5186
940
5889
5926
1153
9721
2698
2910
4413
9104
4768
9705
5857
693
5642
7226
2792
744
8619
5739
8423
4058
4470
1483
3019
7910
549
1439
5536
2381
5692
208
9639
2070
7832
5916
933
9633
622
9235
7190
6565
5064
9
7365
6081
323
5403
2056
7361
8156
1138
3646
6222
9731
5338
8884
6431
2295
8655
9753
7168
6062
2596
4772
2223
7664
7864
966
6261
178
2866
8587
2677
3392
5466
967
2105
7257
5584
8817
4411
6020
289
1576
6059
5733
5787
3078
8873
8271
2759
3655
1369
4420
8317
2558
8085
3069
9592
3375
136
2241
1482
825
4179
2673
6146
5769
5893
6198
6705
644
7998
826
5772
7892
7643
3668
3074
6285
5724
2330
2366
9905
9600
1672
4763
5760
4102
3792
1736
3823
4252
7407
6934
7463
2230
7222
4374
7516
1764
2830
761
3520
2823
8577
672
8419
9118
3762
7376
9497
1658
9671
8293
4393
5548
8951
5079
8944
6403
3029
824
9909
1273
3415
2506
8351
3586
675
7517
8857
5657
3055
3383
7453
8882
1945
2257
226
1163
6
3839
5152
3480
1858
570
7212
879
7405
5937
2247
3031
8005
4500
2886
3239
5969
1791
7230
9707
2220
1671
3361
7957
6798
142
9650
89
7435
8968
5589
8496
6579
440
3691
519
91
9733
2836
9269
2174
6063
4542
1461
7721
4488
3900
3676
9895
4566
3638
2290
3268
1426
4994
7448
778
1108
3501
1574
7904
5092
3015
6668
2153
8503
2618
6712
9648
3791
3048
5511
9617
7783
9153
5444
2552
963
189
4785
842
8634
4908
6757
9040
862
6610
7321
4271
7595
3805
9844
1072
6373
3064
1006
2132
3080
6550
9410
9991
8088
2773
468
4309
6271
3749
1741
4665
103
4633
7510
9188
3187
8291
7529
8462
9209
728
7418
8747
7120
204
7240
1096
6256
9343
8623
6266
3422
6268
3504
8175
7525
4350
8467
6104
8279
438
7034
4545
5670
2902
5707
329
9308
9582
4118
7250
5837
448
2548
1749
4465
3718
710
6148
3556
54
4570
1822
1358
9680
4388
4307
3661
9491
8761
9435
645
1846
184
9824
8383
6852
5318
7011
224
5925
4400
4204
2449
5774
8994
3095
8241
9864
5369
5790
4862
8500
1955
4589
5814
5212
1707
5821
284
3788
4172
7717
1043
4368
2503
2550
3090
4428
6509
5663
5439
6906
660
9971
3577
5194
5999
7835
5105
7249
8310
4133
3023
3205
3465
9087
6586
6685
5689
5619
5128
7579
4319
2906
2422
9475
135
6220
5998
9727
3675
4217
6482
1007
7623
6279
4031
1214
8094
2760
2535
2354
9005
2066
8258
5684
5153
2941
9374
5938
415
9939
2991
9860
9455
45
9171
6043
5284
6548
1762
7983
7072
7358
2945
7275
3820
409
1597
2493
993
2457
2733
146
3174
2507
2352
3857
6014
1556
3368
6779
8749
566
1734
568
4171
3885
5899
1637
173
2121
7313
4317
1644
988
965
4101
5375
6458
1534
506
9296
1748
3195
9649
5020
6467
654
2429
9221
2909
9614
6819
2051
1753
457
2919
7874
3320
8839
2447
1917
1233
5044
8494
8231
26
6971
2508
8714
7802
5388
259
2884
7208
7089
1940
5996
3522
9632
416
6426
8696
5103
9817
6531
7142
1959
6506
4745
3305
5348
7112
366
1889
3837
1440
4039
52
2525
7083
1573
2699
3060
8709
7945
3847
9531
3416
2101
1036
665
550
3698
7091
2555
5367
7816
4624
2867
6038
3958
9077
5978
481
1750
3802
6330
5410
1123
9562
8401
3641
9679
9978
8142
964
7969
1438
8421
5614
5713
8867
7239
6451
3476
3135
7614
7590
533
6537
6182
7875
8970
5764
4738
7702
6462
5357
2242
8214
6940
6382
7779
7898
9539
2908
9970
8969
9380
408
6369
2149
9201
152
8990
9960
6053
7028
5282
6240
6350
542
9194
8334
3579
4642
6274
6353
9979
7481
3108
2110
5317
9185
375
5421
9408
2948
9195
1159
2364
6411
242
7053
5652
7539
4669
3920
6341
6118
8189
9863
8547
7895
4777
8540
959
5840
8122
5124
2345
8512
9626
4621
9524
4562
8480
2017
1515
4971
643
8597
7139
1663
6343
9520
4446
2652
6225
1396
4113
6659
7185
1641
3213
5571
8972
5677
9261
8444
9900
4109
1912
6558
9362
3150
4531
7169
7094
2443
5756
1854
3255
8654
4216
5464
5686
6590
6346
6539
318
6643
4523
9962
9331
2239
1682
3742
1284
5391
6881
4477
5582
4516
5416
6963
7770
5407
4137
4134
7881
978
8448
9611
695
5757
5073
7780
5254
1991
9764
1252
855
7676
9620
1299
6960
5720
7927
7145
3334
7335
5825
5755
3432
2795
5025
2146
2294
9258
5919
4233
4543
5673
300
9750
8027
8116
8684
9829
5847
3036
2789
7926
4362
188
4074
8259
6672
4095
9759
8188
575
2390
944
2700
6383
8531
2598
4403
6777
9226
6961
9241
6762
8236
4711
3883
6618
9815
610
5547
5303
8091
5891
5510
6886
781
9239
6710
2852
1964
8414
6493
1600
7523
9972
3478
8881
9537
4228
3801
2915
8776
8999
3599
7013
8197
257
2355
5036
1245
6205
2958
3172
4
4592
6587
9187
5876
9999
445
1109
6264
9223
7670
8089
7531
8141
5706
9462
9573
4472
7100
3397
9623
9200
248
2160
4259
1732
9351
3841
6052
407
876
5979
6010
1776
8400
9516
46
8457
3806
9701
372
222
7869
2400
8916
7499
2656
4457
8981
5058
4938
657
6295
7559
1628
3701
1267
6030
8757
5230
918
7762
2195
8635
3161
5773
9981
1611
3091
784
835
4797
2271
6487
3826
2332
2986
3680
3164
3951
5863
3821
6674
3481
5597
2189
7167
7330
4875
6807
3780
9400
3474
1195
720
5734
8337
9166
3649
8087
9199
733
5192
2996
6655
8715
6879
535
2362
3022
3727
2071
312
7044
4807
9495
9496
7930
7397
5053
9850
2834
161
9996
7032
8532
8760
7504
1107
7286
3929
6625
4483
7776
9228
7310
7884
4518
9584
8092
4761
118
4002
3708
5356
1215
80
1216
4823
233
3539
5406
1414
2621
680
6333
6153
5875
6846
9887
5157
8418
8751
9443
4458
1849
3559
8097
3286
4909
1083
4473
3894
9290
8865
6707
8875
7227
534
7914
9493
6746
9735
3249
669
1087
4554
6436
6013
2479
5641
3830
7638
1875
5687
6526
9994
6175
8722
1263
3620
6456
1301
7728
9871
1021
5368
912
9553
5373
9245
1994
4287
6206
9910
5577
7554
6322
3797
3184
2801
6255
1829
1570
8209
5166
2566
7090
78
5987
6663
4656
1101
6738
3971
8308
1368
6495
9694
9641
2847
9395
2205
8827
9856
6976
8705
7928
3007
3220
4308
6106
4906
8224
6514
3436
5023
385
3934
5759
3347
2619
28
6302
502
1283
1071
1977
3534
6441
3702
2077
9754
866
5651
8562
2839
2793
577
6099
9243
6552
633
2039
7790
6737
5436
8472
7626
6002
3059
3816
5151
41
4676
6551
5995
8205
7690
8469
3426
5363
2260
9684
1099
930
8180
8394
6107
328
3854
1481
276
1812
9934
6432
9140
4952
5644
5426
6209
9899
7604
3425
3275
1227
6930
7538
7282
8303
867
6110
759
7891
7792
4648
5560
3747
6131
6831
2265
5484
1601
3038
6445
4329
1914
9066
7084
472
6499
413
5818
2734
1765
7924
6003
3045
6527
7251
8744
7886
5694
9100
7560
317
187
1210
5630
2453
6557
1676
9086
3918
6100
2437
6882
8392
9012
9662
4003
3712
6714
3972
7738
8837
3070
5784
1424
6867
811
5930
6453
1694
6074
541
5120
3849
4215
7887
2112
3659
1961
9383
6179
8907
4503
4675
7501
7584
8270
9154
8471
5907
1887
8544
5116
9532
7652
7451
2490
883
2018
8787
4601
6854
4520
7582
5061
1382
5763
5722
554
5666
84
8273
4960
7723
5742
3990
5328
495
5625
3804
3462
4536
7154
4454
4318
8045
3429
4639
8885
4017
8996
8380
726
3344
426
4157
3725
6025
3341
7744
6871
5966
5812
3715
6154
3813
1558
3011
8290
6677
9914
9787
4433
4641
806
1133
5429
8821
266
8607
8461
776
6475
7857
6965
5483
4197
8408
9689
790
4397
1811
4364
7325
9912
8521
7988
6953
8119
6056
8243
6753
8668
1302
3623
3365
3751
4634
8736
8077
5349
4849
5800
4550
7935
9144
3372
4482
9922
1331
8910
9693
2679
3662
3529
6553
9030
3128
8358
2574
1304
2634
9728
165
5432
6542
3123
517
9439
6161
5654
8639
7280
6469
2063
2406
6203
719
2957
9110
6804
8098
2543
8609
8926
2477
3639
4835
1268
1982
3961
172
8428
1634
3087
1759
1209
367
1536
5506
7961
1546
7507
231
4130
4587
9328
3143
5414
3852
8015
3232
3578
548
9625
7495
1722
1484
822
3399
8987
9898
9642
7299
5121
6479
8299
2178
5853
1200
8314
2551
293
2932
4982
1393
7934
4150
1550
6555
4887
1134
4682
1427
8710
4612
8340
869
4282
2376
8114
8183
786
3786
6922
8219
471
7596
398
7737
9113
4314
4180
4442
7947
6826
4327
6739
8704
5851
5042
8615
7943
422
4187
5661
9881
9047
3930
6001
8330
6627
9208
5236
8673
4652
6227
1724
6759
7885
2288
1075
1935
3132
5271
8505
191
7017
163
758
8327
2361
854
7082
5090
1430
2084
6802
7281
419
7130
2413
2409
6970
8935
6990
3306
5905
216
7475
7346
3366
3169
5154
6388
5123
2816
7512
1798
2643
2617
6545
4668
5874
3490
6937
2647
2850
2299
773
2339
5112
539
3665
9945
9330
4194
7340
9388
3154
7144
5592
4294
4027
4419
6157
2266
496
5951
9696
2747
4069
9320
3913
6711
3282
2379
8976
2929
238
2511
9426
5834
999
1032
9358
8260
9697
3326
1817
4983
561
8068
4611
4227
3370
1772
265
5330
9852
5185
9977
6873
686
4741
1742
5873
9720
6257
6084
7867
992
6929
6208
9974
7906
5525
2715
2641
8084
4973
9647
7705
4190
3989
2671
8579
9093
7636
5910
1469
8185
9568
6229
2736
2828
8672
9651
36
9297
6667
3631
1495
2901
8073
6474
5468
3251
6231
3554
5746
4872
7113
4355
2978
6670
7056
9425
9734
4549
1136
5887
3363
3866
7078
2588
7398
8663
4292
3374
9826
8145
8890
7496
9019
3553
8171
3377
7591
9766
4357
2468
916
2833
5842
1231
4830
2333
1855
6857
9666
6045
7996
2419
3033
1561
2561
3472
2368
3936
9995
8643
1592
1868
8377
2811
9658
8301
909
5315
896
5038
3452
3881
7065
581
6850
9984
3965
7343
7823
7634
5302
5396
4774
5059
6115
5345
6890
3247
3695
4107
7493
92
7055
5197
3580
9043
3246
2082
5854
3139
5817
3906
8135
7966
536
427
3062
1518
7964
5285
1296
2921
8013
4583
7476
4801
4767
9481
3449
6376
486
2023
5575
4068
5177
1584
8477
6399
1794
3594
1948
7863
7391
243
8080
4322
4086
1004
6309
6951
3824
2206
1014
2765
5777
1165
8807
8721
1085
4759
9770
2880
9973
2335
5623
6617
2752
2681
5379
8677
683
9266
2954
1785
2391
4614
6978
7272
600
649
5361
3585
2444
7105
8997
1441
9729
9854
9752
2207
370
5435
2222
1925
8468
4606
249
6870
7256
888
9698
6112
145
908
1700
4243
7390
4537
252
5115
8222
4139
5075
2515
5392
3640
668
7395
9132
4578
5089
7581
7270
3650
3079
636
5928
2273
2512
2678
5474
5601
5199
2347
3322
2861
8905
1903
6378
6820
1129
3104
2903
6065
8138
6989
4999
1132
2102
5097
2662
8592
9108
9894
2744
3052
3390
5890
387
9818
3588
8109
4245
946
8625
6835
4654
8851
7763
195
2946
9339
3519
8799
5650
8147
8417
4392
5344
2848
2150
6680
2045
3564
3851
4743
4553
2622
5339
1878
4907
5892
5292
5954
2147
4970
3507
9550
7181
2938
1525
6159
234
1549
1339
2318
4526
8558
5402
7946
829
2403
8537
7574
596
9164
1228
8483
2788
6282
7827
899
2675
7725
2492
8452
3089
5934
2851
5567
8946
9643
5231
3385
8956
595
7734
1306
8555
5735
8646
1587
4539
8868
3669
7845
2738
9771
3713
3358
245
6726
3882
4431
374
3907
4790
4346
698
4059
1681
4414
2581
5801
1744
1023
6248
4467
5445
661
8274
4882
7191
3601
4466
9989
3980
2407
9430
1277
5807
7360
9862
3978
8474
4497
9116
2069
6578
4856
1845
9387
1478
182
3009
3017
4651
30
5820
9941
7444
1675
3316
492
1705
6127
7838
2249
5050
9254
6363
889
6193
9867
2771
530
61
2281
4273
3960
4030
832
3682
9276
3136
7001
5971
8479
3776
6718
4527
5738
4046
3987
4238
1698
1717
4988
8133
7933
8354
1161
8805
2255
3065
5849
6450
8680
8249
2812
6434
59
3119
2148
5741
6298
7588
5450
4148
6288
8283
8950
3469
2870
9732
1618
5068
6214
7825
2416
1974
9748
1496
8329
1385
6563
2308
2826
9837
6987
4479
4671
5014
1208
8313
9179
6626
2860
6224
4153
6607
7344
9263
6920
9094
6620
4933
5129
9597
1341
7971
4967
4742
3537
1743
3700
1790
8922
1853
3077
3353
4802
5843
4764
3468
1911
3937
9811
7443
4579
1591
4690
707
8565
7570
9806
3545
565
9713
2227
5815
9212
5810
2073
9446
162
1696
5519
5148
7437
27
9767
3337
93
4075
7103
5608
314
4961
4277
3911
6184
2359
6829
5244
3321
308
7217
3110
1874
9008
8953
9287
5726
7015
3535
4854
8750
5069
3243
1809
4099
1916
6223
9577
2564
1378
1636
7528
5274
3121
1615
5171
158
1752
5912
9799
7378
5134
1232
8257
7296
5099
2912
1316
9150
9053
3563
6996
2031
1709
8862
8726
7974
6959
4173
7446
4484
9237
5537
1294
8326
3600
3583
9963
1121
6419
381
1471
8298
871
1028
5523
1796
6008
9372
4010
2994
1691
3176
390
9515
9803
4565
6427
2764
9238
9792
3796
4112
9563
298
9191
8229
3112
8238
2653
6630
9808
1010
5535
3207
8569
2646
7913
8891
461
2526
3414
7027
9757
1223
7380
5526
1337
1359
3442
2500
3386
9251
6143
956
8984
307
1152
1278
2979
3681
5743
6444
8391
5981
3889
3333
1184
5844
8251
1494
834
8611
2950
1065
8193
5578
5947
9538
2080
9252
5541
7040
4722
9503
1080
3493
6492
5382
490
2217
523
5813
9564
1542
8123
9956
6438
4556
4718
1552
697
7098
4067
6359
3636
9762
5441
9186
9202
9746
94
6518
5027
8102
4326
5085
5624
2439
5127
7119
8390
7544
5200
7846
7421
4352
6478
2750
107
3574
6669
7382
4242
4932
7450
3166
9589
6988
6899
8060
9147
6693
2320
8399
9376
3400
4108
2183
5881
5204
3750
5716
3868
9724
8859
9156
2263
4532
4874
6500
2956
1419
3612
2982
6291
4706
140
9403
202
379
621
6731
1800
708
9071
7062
9382
1475
4728
3909
6162
7990
86
3518
9490
6683
5329
6942
1856
4535
3133
7263
6015
1674
1633
1146
3294
765
8431
2291
4019
7460
2432
396
7563
1664
7211
4925
3734
5532
3263
8858
5546
8789
3817
4902
5946
7436
3175
4422
3592
1714
349
3130
3966
2586
4773
5220
9982
1171
2849
1464
3589
3215
5160
8598
282
5256
65
7021
6742
435
3846
3092
7786
7530
7691
7909
8460
6861
7045
2602
5882
6566
3389
7205
2135
2822
5037
4734
2090
9220
895
96
4834
6675
5427
2825
7965
5218
7837
8289
2821
7952
4956
3211
8552
5973
2896
3627
968
270
2061
2942
7889
237
2722
3382
3018
2711
4796
1312
3127
7859
8676
3165
6939
7457
779
5543
8783
7128
4053
2398
1194
7051
8011
9072
4223
6800
9530
3845
648
5223
8186
1048
7679
8941
3340
2198
5443
6036
6865
7593
1689
58
2883
4455
1399
3914
2648
1110
1837
5595
8918
2489
1188
9332
1070
1695
8449
6973
777
2395
774
9796
9607
9111
4684
818
8756
885
6486
8826
7502
3223
9442
5140
3540
7810
6310
3656
9841
4955
8359
197
2495
1073
7416
6700
6520
9255
340
5794
4815
4766
1890
6338
459
149
2813
2103
4315
5070
9798
5174
594
6628
9964
1617
7995
3097
6042
2270
5688
2055
4359
650
2484
6816
9558
8576
5196
3569
2418
6560
6265
6605
8613
322
8686
8604
6252
4915
7803
2688
690
4845
7389
3492
5750
8079
5181
4332
6423
8268
2808
8312
2129
7809
9793
9800
9415
1970
4991
734
5682
5802
6944
1276
3244
3908
1553
351
787
6900
2218
4852
4661
1063
5475
5229
2868
5989
6299
747
8035
174
3720
125
1211
6690
1212
4254
3880
2396
4840
5599
7578
9018
2370
5107
713
3404
6717
5331
2448
9052
7334
6640
5860
6454
6234
5761
1345
7216
9655
1810
1476
7565
7403
1450
7785
3056
6662
5576
5936
8244
9249
8630
5362
1092
2478
6582
9544
4762
281
3891
4449
6111
5972
9280
9622
7345
7944
9429
9448
928
7922
5980
9523
2115
6385
3975
9348
3686
7306
2642
754
6938
3147
8212
1763
9545
2445
4363
2663
1942
7603
5146
8594
5678
5766
7059
4430
8850
3137
14
8276
7342
1365
1308
3141
927
5458
997
7289
4818
4478
1880
4300
4755
2582
3168
7756
2475
5366
6141
9155
751
567
4868
8370
8800
1205
5228
6859
2111
5498
4717
4672
7497
5040
5243
3067
1704
9915
4198
1323
2829
9508
3732
1819
6772
6611
25
1614
8852
1477
1568
121
1094
1814
2168
9528
7767
3582
3603
2593
4680
8339
8061
8681
3081
1968
4241
3660
7672
8144
1347
196
4200
7793
8217
6869
1321
9880
2611
2459
8794
3479
3153
1998
6876
3177
5521
5744
9274
512
1966
5081
8363
7700
3767
865
6367
4073
8048
3439
7686
2192
2947
6012
9908
9130
9482
3403
4117
5238
8003
4512
5049
7716
2541
7673
4569
3319
352
3034
5074
2540
651
9057
9526
1934
5997
1037
5135
3433
6589
73
617
6536
9902
4943
9849
482
4751
7087
6985
6740
5901
3016
2585
6280
1708
5771
915
6354
5323
7612
5007
1261
2714
98
8866
9407
9214
6847
7136
2697
808
8934
4996
7283
3039
7900
2314
5886
9256
9134
6374
7680
2924
9458
2169
2781
325
5057
571
3308
8778
8528
7547
68
1154
2482
6196
3477
7309
706
489
405
9218
1957
6572
4412
5248
6834
7505
6503
7351
3117
9975
2315
3956
7066
2731
745
4226
8669
9416
932
5350
5607
476
6525
6401
1248
474
137
3994
8992
3367
6152
1581
4007
6933
6999
1346
7648
3653
5776
625
4138
1910
9460
6598
1645
8738
9048
8904
1279
1238
638
5913
9889
3551
1148
2006
5864
436
2267
1206
6825
4800
5754
4784
1117
112
1720
29
9424
8526
922
6914
241
9060
5101
3959
7813
5868
2029
9959
1313
2363
5168
9906
8129
8628
7099
47
4424
7199
2384
320
4655
4730
4607
2036
3331
8962
3138
4538
9781
4142
1115
9692
3670
1449
4846
5125
2325
4941
8
573
4312
8764
8375
4975
6736
5180
7668
4744
8265
591
6723
9691
9038
4724
2577
8515
1488
8324
702
6336
8880
64
4602
6094
1859
4608
9521
1234
5490
4418
640
5499
2513
6770
5016
6292
8420
7186
9216
1329
6635
1257
5162
1326
3066
8898
2497
641
8336
5422
3572
2083
7866
7960
4984
9560
2624
5550
8644
1113
395
7318
8584
8306
4693
7319
377
8662
5009
9097
79
6958
8919
1064
3265
3421
6603
2766
2523
1058
8975
1185
9843
2052
2898
952
6792
8831
9987
4582
9675
8024
5730
7229
1286
5701
1516
9940
7492
1882
3774
9145
8245
9784
7364
5877
6887
3356
7989
5477
2527
2113
2696
3438
4632
9926
5796
2928
3073
9712
1466
6092
3916
8541
268
6250
705
4695
851
6571
263
1594
5629
1784
3942
9656
6125
8007
2595
3521
725
3547
1775
9555
8459
2907
827
1333
7235
4986
8206
2317
7901
2988
1523
7203
4037
4883
1520
9384
1352
7356
7911
3621
6449
5400
1643
4492
8788
9278
8767
6979
4038
5013
5549
5683
1885
8411
4461
756
1062
1801
9095
8692
1361
6028
3995
7202
1370
2100
9076
7639
9315
7682
81
4022
2846
2625
3957
5283
2632
788
4847
2321
7876
6443
8287
941
8601
6581
2998
3963
7558
1383
6430
1375
1151
9294
3790
7970
2025
230
9901
358
8346
7489
7262
6855
6787
6716
1560
2187
3328
6593
1105
9325
3309
4248
5636
223
2042
8295
5100
6452
7253
8682
7651
2075
143
1074
2236
9396
9433
2106
3645
9314
1539
5646
7870
5190
7030
3544
8081
331
2464
7338
9288
1013
3447
1191
3312
9051
4077
9519
5430
9131
8278
9122
2509
7077
6424
6207
4657
264
5554
5668
833
7414
8897
8989
7746
4687
7871
783
9470
970
1235
7287
6396
955
8498
4591
2159
1900
4425
7972
2875
4809
8539
1780
3977
6761
564
6517
7712
7968
1350
1528
2401
4825
586
7339
3974
4340
5253
1937
9921
4160
6957
1792
696
4146
8499
455
1372
3270
7125
4489
1951
7931
6085
1930
392
7707
4288
9825
2900
9618
4158
1702
4674
1338
2041
1501
6124
1936
5957
1711
9738
715
1956
914
5418
1104
439
7328
1262
8177
551
4261
3278
1357
3536
3928
5340
9567
6168
905
493
5083
7086
9417
7401
7352
4471
7694
6815
8167
7999
8545
6801
3743
4387
9250
3042
2542
5471
8225
6375
6113
9511
3941
254
5463
60
3409
805
4877
8856
5974
9699
7122
6362
2229
4827
8321
4997
3716
1041
3787
9436
2519
7180
5262
5932
9918
8052
7221
434
7751
8318
8624
2154
7474
4155
6082
4788
494
9472
9813
4474
2344
9892
7422
9215
7815
8869
1079
7572
3862
2311
6173
516
7613
984
3410
7880
1635
562
7571
7038
6608
1642
1976
2571
5975
996
8834
7628
5176
1406
679
6239
5856
9021
6741
4557
6498
7165
1380
5332
3933
958
3346
5387
1995
5960
2911
2254
424
2151
2686
7819
5022
9381
7621
9098
8107
6136
910
4001
4859
8218
1197
9121
8105
9744
5465
4349
9406
2780
9333
6347
7556
3921
4995
8691
5476
4795
7412
4577
2894
499
6729
3944
2014
6614
4486
532
6833
9423
5365
1739
3170
4202
5994
4356
1186
8344
6840
5201
6044
3303
1512
2949
540
8746
9394
4609
9657
5252
628
4951
6371
199
3199
2532
7798
8689
9983
2790
3491
3200
1770
77
5708
9847
1777
8530
7234
6389
7005
6751
5164
7644
925
6358
3003
5900
785
538
378
7711
6803
6006
5056
8957
6471
8658
5191
1270
347
662
11
6975
7417
1678
6188
3807
3047
7143
3351
9776
5310
5639
3324
7597
5138
5281
2579
685
8871
8367
7007
3557
4338
9219
7178
6416
7978
2967